{'a': 6249, 'b': 1721, 'c': 2129, 'd': 2557, 'e': 6364, 'f': 1105, 'g': 1748, 'h': 1931, 'i': 4159, 'j': 340, 'k': 1679, 'l': 3479, 'm': 2268, 'n': 3265, 'o': 4564, 'p': 2264, 'q': 143, 'r': 4435, 's': 6538, 't': 3398, 'u': 2830, 'v': 773, 'w': 1115, 'x': 325, 'y': 2347, 'z': 453}
a : 42.06664422753282
b : 11.58532480646247
c : 14.33187478963312
d : 17.21305957590037
e : 42.84079434533827
f : 7.438572871087176
g : 11.767081790642882
h : 12.998990238976777
i : 27.99730730393807
j : 2.288791652642208
k : 11.30259171995961
l : 23.41972399865365
m : 15.267586671154493
n : 21.979131605520028
o : 30.723662066644224
p : 15.240659710535173
q : 0.9626388421406933
r : 29.855267586671154
s : 44.012117132278696
t : 22.87445304611242
u : 19.05082463816897
v : 5.203635139683608
w : 7.505890272635477
x : 2.187815550319758
y : 15.799394143386063
z : 3.049478290138001
